000001
000004
000003
000005
000006
000008
000009
000010
000011
000013
000014
000015
000016
000017
000020
000021
000024
000025
000028
000029
000030
000031
000032
000033
000037
000038
000039
000041
000042
000043
000044
000045
000046
000047
000048
000049
000051
000053
000054
000055
000056
000057
000058
000059
000061
000063
000064
000065
000066
000067
000068
000069
000070
000071
000072
000073
000074
000075
000076
000077
000078
000079
000080
000081
000082
000083
000084
000085
000086
000087
000088
000089
000090
000091
000092
000093
000103
000104
000105
000106
000107
000109
000110
000111
000112
000113
000115
000116
000117
000118
000119
000120
000121
000122
000123
000124
000126
000127
000128
000129
000130
000131
000134
000135
000136
000137
000138
000139
000141
000142
000143
000147
000148
000149
000150
000152
000153
000165
000166
000167
000171
000172
000173
000174
000175
000176
000177
000179
000180
000181
000182
000183
000184
000185
000186
000187
000188
000189
000190
000191
000192
000194
000195
000196
000197
000198
000199
000200
000201
000202
000203
000204
000205
000206
000207
000208
000209
000210
000211
000212
000213
000214
000215
000216
000217
000218
000219
000220
000221
000222
000225
000226
000227
000235
000236
000237
000241
000242
000244
000245
000246
000248
000251
000252
000253
000254
000255
000256
000259
000263
000240
000239
000264
000266
000265
000268
000267
000269
000271
000270
000272
000274
000273
000275
000277
000279
000286
000289
000290
000291
000294
000295
000296
000298
000297
000299
000300
000301
000303
000304
000305
000306
000307
000308
000309
000310
000311
000313
000312
000314
000316
000318
000317
000319
000322
000320
000324
000325
000323
000326
000327
000328
000329
000331
000330
000332
000334
000335
000333
000336
000339
000338
000341
000343
000342
000345
000347
000346
000351
000354
000355
000352
000356
000359
000360
000361
000362
000363
000366
000367
000368
000369
000370
000371
000372
000373
000376
000377
000378
000379
000380
000381
000386
000385
000387
000388
000389
000390
000394
000395
000396
000397
000398
000400
000401
000403
000404
000402
000407
000406
000408
000410
000411
000409
000414
000415
000416
000417
000418
000419
000420
000421
000422
000423
000424
000425
000426
000427
000428
000429
000430
000431
000432
000433
000434
000435
000436
000437
000438
000439
000452
000457
000458
000462
000463
000464
000465
000466
000471
000469
000476
000475
000477
000478
000480
000481
000483
000484
000485
000486
000487
000488
000489
000490
000493
000494
000495
000496
000497
000501
000502
000503
000505
000504
000506
000507
000508
000509
000511
000510
000512
000516
000513
000517
000520
000522
000521
000524
000523
000526
000527
000529
000528
000530
000531
000532
000533
000534
000535
000536
000538
000539
000540
000541
000542
000543
000545
000546
000547
000548
000549
000550
000551
000552
000553
000554
000556
000557
000559
000560
000561
000562
000563
000564
000567
000566
000569
000571
000572
000573
000575
000574
000576
000577
000579
000578
000580
000581
000583
000584
000585
000586
000238
000588
000591
000590
000589
000592
000594
000593
000595
000596
000597
000598
000599
000600
000601
000603
000604
000602
000605
000606
000607
000609
000612
000613
000614
000616
000617
000615
000618
000619
000620
000621
000623
000624
000625
000626
000627
000628
000629
000632
000630
000634
000638
000639
000640
000642
000641
000644
000645
000647
000646
000648
000649
000651
000650
000652
000655
000654
000656
000658
000657
000659
000660
000661
000662
000664
000663
000665
000668
000667
000669
000672
000674
000675
000677
000676
000678
000679
000681
000682
000683
000684
000686
000687
000688
000689
000692
000690
000693
000694
000695
000696
000697
000698
000700
000701
000699
000705
000706
000704
000707
000709
000708
000710
000711
000712
000713
000714
000715
000716
000717
000719
000720
000721
000722
000723
000724
000725
000726
000727
000728
000729
000730
000734
000735
000736
000737
000738
000739
000740
000741
000742
000743
000744
000745
000746
000747
000748
000750
000751
000753
000754
000755
000756
000757
000759
000758
000760
000761
000762
000764
000763
000767
000769
000768
000770
000771
000772
000773
000778
000779
000781
000780
000782
000783
000785
000784
000786
000787
000788
000790
000789
000791
000792
000793
000794
000796
000797
000798
000799
000800
000801
000803
000802
000804
000805
000808
000809
000812
000810
000814
000816
000815
000817
000818
000822
000823
000824
000825
000826
000827
000829
000828
000830
000831
000832
000833
000834
000835
000836
000837
000839
000840
000841
000843
000844
000845
000847
000846
000849
000850
000848
000854
000855
000856
000857
000859
000860
000862
000861
000863
000865
000866
000867
000868
000869
000870
000871
000872
000873
000874
000875
000876
000877
000878
000879
000880
000882
000884
000883
000887
000885
000889
000890
000891
000892
000893
000894
000895
000896
000897
000898
000899
000901
000903
000902
000904
000905
000906
000907
000908
000910
000911
000913
000912
000914
000916
000917
000920
000921
000923
000922
000924
000925
000927
000926
000928
000929
000930
000931
000932
000933
000934
000935
000936
000937
000938
000939
000940
000942
000943
000945
000944
000946
000948
000950
000951
000952
000953
000954
000955
000958
000960
000959
000961
000962
000963
000966
000965
000967
000969
000968
000970
000971
000972
000974
000973
000975
000976
000977
000978
000979
000980
000981
000982
000985
000986
000988
000989
000991
000990
000992
000993
000994
000995
000996
000998
000997
001000
001001
001003
001004
001006
001007
001008
001009
001011
001010
001013
001014
001015
001016
001017
001018
001019
001021
001023
001026
001027
001028
001031
001030
001033
001035
001036
001037
001040
001039
001041
001042
001043
001044
001045
001046
001047
001048
001050
001051
001052
001053
001054
001056
001057
001058
001059
001060
001061
001063
001064
001066
001065
001067
001068
001069
001070
001071
001072
001073
001075
001074
001076
001078
001077
001086
001087
001088
001092
001093
001095
001094
001096
001101
001097
001102
001103
001104
001105
001106
001110
001111
001112
001113
001116
001115
001117
001118
001119
001120
001121
001122
001123
001124
001125
001126
001127
001128
001133
001135
001134
001136
001137
001138
001139
001141
001140
001142
001143
001146
001144
001147
001148
001149
001150
001152
001154
001156
001157
001158
001162
001159
001163
001164
001165
001166
001167
001168
001170
001171
001172
001173
001174
001176
001175
001177
001178
001180
001179
001181
001182
001183
001184
001185
001186
001188
001189
001190
001191
001192
001193
001194
001195
001196
001197
001198
001199
001200
001201
001202
001204
001203
001205
001206
000587
001208
001209
001211
001210
001212
001213
001214
001215
001217
001216
001218
001219
001220
001222
001223
001224
001226
001227
001225
001228
001229
001230
001231
001232
001233
001234
001235
001237
001236
001239
001240
001241
001242
001244
001243
001245
001246
001247
001249
001250
001251
001252
001254
001253
001255
001256
001257
001258
001261
001262
001264
001265
001266
001267
001268
001270
001271
001272
001273
001274
001275
001276
001278
001277
001279
001280
001281
001282
001283
001284
001285
001286
001287
001289
001291
001294
001296
001297
001298
001299
001300
001301
001302
001303
001304
001305
001306
001307
001308
001309
001311
001312
001313
001314
001315
001316
001318
001319
001320
001322
001323
001324
001325
001327
001326
001328
001329
001330
001331
001332
001334
001335
001336
001337
001338
001339
001342
001343
001344
001345
001347
001348
001349
001351
001352
001355
001356
001357
001358
001359
001362
001361
001363
001364
001365
001366
001367
001368
001369
001370
001371
001373
001374
001375
001379
001376
001380
001381
001382
001384
001386
001385
001387
001389
001388
001390
001391
001392
001397
001396
001393
001399
001398
001400
001401
001402
001403
001404
001405
001406
001407
001409
001408
001410
001411
001413
001412
001414
001415
001416
001418
001417
001419
001420
001421
001422
001423
001424
001425
001426
001427
001428
001430
001433
001437
001441
001438
001442
001443
001444
001445
001446
001447
001448
001449
001453
001454
001455
001456
001457
001463
001464
001466
001467
001468
001470
001469
001471
001473
001474
001476
001475
001477
001478
001479
001482
001481
001480
001484
001485
001487
001489
001488
001490
001495
001496
001497
001498
001499
001500
001504
001503
001505
001506
001507
001508
001511
001510
001512
001513
001515
001516
001518
001520
001521
001522
001523
001524
001526
001527
001528
001529
001530
001532
001531
001534
001535
001536
001537
001538
001539
001540
001541
001542
001543
001545
001547
001546
001548
001549
001551
001550
001552
001553
001556
001557
001558
001559
001562
001563
001564
001566
001567
001569
001570
001571
001572
001573
001574
001575
001577
001576
001578
001579
001580
001581
001583
001584
001585
001588
001589
001592
001593
001594
001596
001595
001601
001602
001603
001605
001604
001606
001607
001608
001609
001610
001613
001614
001615
001616
001617
001618
001619
001620
001621
001623
001624
001625
001628
001626
001629
001630
001631
001632
001633
001634
001635
001636
001637
001638
001641
001643
001644
001645
001648
001650
001651
001654
001657
001656
001659
001660
001661
001662
001663
001664
001665
001666
001667
001668
001669
001672
001675
001676
001677
001678
001679
001681
001682
001683
001685
001686
001687
001688
001691
001693
001692
001694
001695
001696
001697
001698
001699
001701
001702
001704
001703
001705
001706
001707
001708
001709
001710
001711
001712
001713
001714
001715
001716
001717
001718
001720
001719
001721
001722
001723
001724
001725
001726
001728
001729
001727
001731
001732
001730
001733
001734
001735
001736
001738
001739
001740
001741
001742
001743
001744
001745
001746
001747
001748
001749
001750
001751
001752
001753
001755
001756
001758
001759
001760
001761
001762
001763
001764
001766
001765
001769
001770
001771
001772
001773
001774
001775
001776
001779
001780
001781
001782
001783
001784
001785
001789
001790
001791
001792
001794
001795
001797
001796
001798
001800
001799
001801
001802
001803
001806
001807
001808
001809
001810
001811
001812
001815
001816
001817
001819
001818
001820
001821
001822
001823
001824
001825
001826
001827
001829
001830
001832
001834
001835
001836
001837
001838
001839
001843
001842
001844
001845
001849
001850
001852
001856
001857
001858
001859
001860
001861
001862
001863
001864
001865
001866
001867
001868
001869
001870
001871
001872
001874
001876
001875
001877
001878
001879
001880
001881
001882
001883
001884
001885
001886
001887
001888
001889
001890
001891
001892
001893
001894
001895
001897
001898
001899
001900
001901
001902
001903
001904
001906
001905
001907
001908
001909
001910
001911
001914
001915
001916
001917
001918
001919
001920
001921
001924
001922
001925
001926
001927
001928
001929
001930
001931
001933
001932
001934
001935
001936
001937
001938
001939
001940
001941
001942
001943
001945
001946
001947
001948
001949
001950
001951
001954
001955
001956
001957
001958
001960
001959
001961
001963
001964
001965
001966
001967
001968
001969
001970
001972
001973
001974
001975
001976
001978
001979
001980
001981
001982
001983
001984
001985
001986
001987
001988
001989
001990
001991
001993
001992
001994
001997
001998
001999
002000
002001
002003
002004
002005
002006
002007
002009
002010
002015
002011
002016
002017
002018
002019
002020
002021
002024
002025
002027
002023
002028
002026
002029
002030
002031
002035
002036
002043
002046
002048
002049
002051
002053
002052
002054
002055
002056
002057
002058
002060
002061
002059
002062
002063
002064
002066
002065
002067
002068
002071
002072
002073
002074
002075
002076
002077
002078
002079
002080
002082
002083
002086
002085
002087
002088
002091
002094
002095
002096
002101
002102
002103
001207
002104
002105
002106
002109
002111
002112
002116
002117
002118
002119
002120
002121
002123
002124
002125
002128
002132
002133
002134
002135
002136
002138
002139
002137
002140
002141
002142
002143
002144
002145
002146
002147
002148
002149
002152
002156
002155
002157
002158
002159
002160
002161
002162
002163
002165
002164
002166
002167
002168
002170
002169
002172
002173
002174
002175
002177
002178
002179
002180
002181
002182
002183
002184
002185
002186
002188
002190
002189
002191
002192
002194
002195
002196
002198
002197
002199
002200
002201
002202
002206
002207
002210
002211
002212
002213
002214
002216
002217
002218
002219
002220
002222
002223
002224
002227
002228
002229
002230
002232
002231
002233
002235
002234
002236
002242
002243
002244
002245
002246
002247
002248
002249
002250
002251
002252
002254
002255
002256
002259
002260
002261
002258
002262
002263
002265
002264
002268
002269
002270
002271
002272
002273
002274
002275
002276
002277
002278
002279
002280
002281
002282
002286
002287
002289
002291
002288
002292
002293
002295
002296
002298
002299
002300
002301
002302
002304
002303
002305
002306
002307
002309
002310
002311
002313
002314
002315
002316
002317
002318
002322
002319
002323
002324
002325
002326
002327
002328
002330
002331
002332
002333
002334
002335
002336
002337
002338
002339
002340
002341
002342
002345
002344
002350
002351
002354
002355
002357
002356
002358
002360
002361
002362
002363
002367
002364
002370
002376
002377
002371
002378
002379
002380
002381
002382
002384
002383
002385
002386
002387
002389
002388
002390
002391
002392
002393
002396
002395
002397
002398
002399
002400
002405
002401
002404
002402
002406
002407
002408
002409
002410
002411
002412
002414
002413
002415
002416
002417
002418
002419
002420
002421
002422
002423
002424
002425
002426
002427
002430
002429
002431
002432
002434
002435
002438
002440
002436
002441
002442
002443
002445
002446
002447
002448
002449
002450
002451
002452
002453
002454
002455
002456
002457
002458
002459
002460
002461
002462
002463
002465
002466
002469
002472
002475
002474
002084
002479
002477
002478
002483
002485
002487
002476
002486
002488
002489
002490
002492
002494
002495
002496
002497
002482
002498
002502
002501
002504
002505
002506
002503
002507
002508
002510
002509
002513
002514
002512
002515
002518
002519
002520
002521
002522
002523
002524
002527
002528
002529
002532
002533
002534
002535
002536
002537
002542
002543
002544
002545
002546
002547
002548
002549
002550
002552
002553
002554
002555
002556
002558
002559
002560
002561
002562
002563
002564
002567
002569
002573
002568
002574
002577
002578
002579
002580
002581
002583
002582
002584
002585
002586
002587
002588
002591
002592
002593
002594
002595
002596
002597
002599
002598
002600
002601
002602
002603
002604
002605
002610
002611
002612
002614
002615
002616
002617
002618
002619
002620
002621
002622
002624
002625
002628
002629
002630
002631
002632
002635
002633
002634
002636
002637
002638
002639
002640
002643
002644
002645
002646
002647
002649
002650
002651
002653
002652
002654
002655
002656
002657
002659
002658
002660
002661
002662
002663
002664
002665
002666
002667
002668
002669
002670
002671
002672
002673
002680
002679
002681
002682
002683
002684
002686
002685
002688
002689
002690
002691
002693
002694
002692
002697
002698
002701
002702
002703
002705
002704
002707
002708
002709
002710
002711
002712
002713
002716
002717
002714
002718
002719
002720
002721
002722
002723
002724
002725
002728
002729
002730
002732
002731
002733
002735
002734
002736
002737
002738
002739
002740
002741
002742
002743
002746
002745
002748
002747
002749
002750
002753
002754
002755
002756
002757
002759
002758
002760
002763
002764
002765
002766
002767
002768
002769
002770
002771
002772
002773
002774
002776
002775
002777
002778
002779
002780
002781
002782
002783
002784
002785
002786
002788
002789
002790
002792
002793
002794
002796
002795
002797
002801
002802
002803
002804
002805
002806
002807
002810
002808
002811
002812
002814
002813
002815
002816
002817
002818
002819
002820
002823
002824
002825
002826
002829
002828
002830
002831
002832
002833
002834
002837
002838
002839
002840
002841
002844
002845
002846
002847
002849
002850
002851
002852
002855
002858
002859
002860
002861
002863
002864
002862
002866
002865
002867
002868
002869
002870
002871
002872
002877
002878
002879
002880
002882
002881
002883
002884
002885
002889
002891
002890
002892
002893
002894
002895
002898
002899
002900
002901
002902
002903
002905
002904
002906
002907
002908
002909
002910
002912
002915
002917
002918
002919
002920
002923
002924
002925
002926
002927
002928
002929
002930
002932
002933
002934
002936
002935
002937
002938
002939
002943
002945
002946
002947
002948
002949
002953
002952
002954
002955
002957
002958
002959
002961
002960
002962
002963
002964
002965
002966
002967
002968
002969
002970
002971
002974
002972
002977
002979
002978
002980
002982
002983
002985
002986
002984
002987
002989
002988
002991
002994
002995
002996
002997
003000
003001
003002
003004
003003
003009
003010
003013
003014
003015
003016
003017
003022
003023
003024
003025
003026
003027
003028
003029
003030
003031
003032
003033
003037
003034
003038
003039
003040
003041
003042
003043
003044
003045
003046
003047
003050
003051
003053
003056
003054
003059
003063
003062
003064
003065
003069
003066
003071
003072
003074
003073
003075
003078
003079
003080
003081
003082
003083
003084
003085
003086
003092
003093
003095
003096
003099
003100
003102
003103
003105
003104
003106
003107
003108
003109
003110
003115
003116
003118
003117
003119
003120
003121
003124
003123
003125
003126
003127
003131
003130
003132
003133
003135
003134
003142
003143
003144
003145
003146
003150
003147
003152
003153
003151
003154
003155
003156
003157
003159
003160
003161
003162
003163
003164
003165
003166
003167
003168
003169
003170
003171
003173
003174
003175
003176
003177
003179
003180
003181
003182
003183
003184
003185
003186
003187
003189
003188
003190
003191
003192
003194
003193
003195
003196
003197
003198
003199
003200
003204
003205
003206
003207
003208
003209
003210
003213
003214
003218
003219
003221
003220
003222
003224
003223
003225
003226
003227
003228
003229
003230
003231
003232
003233
003234
003235
003236
003237
003239
003238
003241
003242
003240
003243
003244
003245
003252
003253
003246
003254
003255
003258
003259
003260
003262
003261
003264
003265
003266
003267
003269
003268
003270
003273
003274
003275
003276
003277
003278
003279
003280
003281
003282
003283
003284
003286
003285
003287
003288
003289
003290
003291
003292
003293
003295
003298
003299
003300
003301
003302
003304
003305
003308
003309
003310
003312
003314
003313
003315
003316
003317
003318
003320
003319
003321
003322
003323
003324
003325
003327
003328
003329
003330
003331
003333
003334
003332
003335
003336
003337
003338
003339
003340
003341
003342
003343
003344
003345
003346
003349
003351
003357
003352
003358
003359
003360
003363
003362
003364
003361
003365
003366
003367
003371
003368
003373
003372
003374
003376
003377
003378
003379
003380
003383
003382
003384
003386
003385
003387
003388
003389
003390
003391
003392
003393
003394
003395
003396
003398
003397
003399
003400
003401
003402
003404
003403
003405
003406
003407
003408
003412
003411
003413
003414
003415
003416
003417
003418
003419
003423
003424
003422
003426
003425
003427
003428
003429
003430
003431
003432
003433
003434
003435
003436
003437
003438
003440
003439
003441
003442
003443
003445
003446
003447
003448
003449
003450
003451
003453
003452
003454
003455
003456
003457
003458
003459
003460
003461
003463
003464
003465
003467
003468
003471
003473
003474
003472
003476
003475
003477
003478
003479
003480
003481
003482
003483
003484
003486
003485
003487
003488
003492
003493
003494
003495
003496
003497
003498
003499
003501
003500
003502
003503
003505
003504
003508
003509
003510
003511
003512
003513
003514
003515
003516
003518
003517
003519
003520
003521
003524
003525
003526
003527
003529
003530
003528
003531
003532
003533
003534
003535
003536
003537
003538
003539
003542
003545
003547
003546
003548
003549
003550
003554
003555
003556
003561
003562
003564
003565
003566
003567
003568
003569
003570
003571
003572
003573
003574
003575
003579
003578
003580
003581
003582
003583
003584
003585
003586
003587
003588
003589
003591
003592
003590
003594
003593
003595
003598
003601
003602
003603
003604
003605
003607
003606
003610
003611
003612
003613
003614
003615
003618
003619
003622
003623
003625
003624
003626
003628
003629
003630
003631
003632
003633
003634
003637
003638
003640
003641
003642
003643
003646
003647
003648
003651
003655
003650
003656
003657
003658
003659
003661
003660
003662
003663
003665
003664
003666
003668
003669
003670
003671
003672
003673
003674
003678
003679
003680
003681
003682
003683
003684
003685
003691
003692
003693
003696
003697
003702
003703
003704
003708
003710
003709
003711
003712
003713
003714
003715
003717
003718
003719
003720
003721
003722
003723
003728
003730
003731
003733
003732
003734
003735
003738
003739
003741
003742
003743
003744
003745
003746
003747
003748
003750
003749
003751
003753
003752
003754
003755
003760
003761
003762
003763
003765
003766
003767
003768
003769
003770
003776
003777
003780
003782
003783
003787
003788
003792
003793
003794
003795
003796
003797
003798
003799
003800
003803
003804
003806
003809
003805
003810
003811
003812
003813
003814
003815
003816
003817
003818
003819
003822
003823
003824
003825
003826
003827
003828
003831
003832
003834
003833
003835
003837
003839
003838
003840
003841
003842
003843
003845
003846
003847
003848
003850
003849
003852
003853
003851
003854
003855
003856
003857
003858
003861
003860
003859
003863
003862
003864
003865
003866
003867
003868
003869
003871
003874
003876
003877
003878
002403
003879
003880
003881
003882
003883
003884
003885
003886
003887
003888
003889
003890
003891
003898
003900
003912
003913
003922
003923
003926
003927
003928
003930
003929
003931
003932
003933
003934
003935
003938
003939
003940
003949
003951
003950
003952
003953
003954
003955
003957
003956
003958
003961
003962
003963
003966
003967
003968
003969
003970
003971
003972
003973
003978
003979
003980
003981
003984
003983
003985
003986
003987
003988
003989
003990
003993
003994
003995
003996
003997
003998
004000
003999
004001
004002
004005
004006
004008
004009
004011
004010
004020
004021
004022
004025
004024
004027
004026
004028
004030
004031
004032
004033
004034
004035
004038
004039
004040
004041
004042
004043
004044
004045
004046
004048
004047
004049
004051
004050
004052
004053
004056
004059
004060
004061
004062
004063
004065
004066
004069
004070
004072
004073
004076
004075
004078
004079
004077
004081
004080
004082
004083
004084
004085
004086
004087
004089
004090
004091
004093
004092
004097
004098
004099
004100
004101
004102
004103
004104
004105
004106
004107
004109
004108
004112
004116
004117
004118
004119
004120
004121
004123
004124
004122
004126
004127
004128
004129
004130
004131
004133
004132
004134
004135
004136
004137
004138
004140
004139
004141
004142
004143
004144
004145
004149
004148
004150
004151
004152
004153
004155
004154
004156
004157
004158
004161
004163
004162
004164
004165
004166
004167
004168
004169
004170
004171
004172
004173
004175
004176
004177
004178
004179
004180
004181
004182
004183
004185
004186
004189
004190
004191
004192
004194
004195
004193
004196
004198
004197
004199
004200
004201
004202
004203
004204
004205
004206
004209
004210
004211
004212
004216
004217
004218
004219
004220
004221
004222
004223
004224
004225
004226
004227
004228
004230
004231
004232
004233
004235
004234
004236
004238
004237
004241
004242
004243
004244
004246
004247
004249
004250
004251
004253
004252
004255
004254
004256
004258
004259
004260
004261
004262
004263
004264
004265
004266
004267
004270
004271
004273
004272
004274
004275
004276
004277
004278
004279
004280
004283
004282
004284
004285
004286
004290
004292
004291
004301
004302
004307
004314
004316
004315
004317
004318
004319
004320
004321
004322
004330
004331
004332
004333
004334
004335
004340
004341
004343
004342
004344
004345
004346
004347
004350
004348
004351
004352
004353
004354
004355
004356
004359
004357
004360
004361
004362
004366
004367
004368
004369
004372
004373
004374
004385
004375
004386
004387
004388
004389
004390
004391
004392
004393
004394
004397
004399
004398
004400
004401
004403
004402
004405
004404
004406
004408
004407
004409
004410
004413
004416
004417
004419
004420
004422
004421
004423
004424
004427
004429
004428
004432
004433
004434
004435
004436
004437
004439
004438
004440
004441
004442
004443
004444
004446
004447
004449
004448
004450
004451
004452
004453
004454
004455
004456
004457
004458
004460
004459
004463
004464
004465
004466
004468
004469
004470
004473
004474
004475
004476
004477
004480
004479
004481
004482
004483
004484
004486
004485
004488
004489
004493
004494
004496
004495
004497
004498
004499
004501
004503
004502
004504
004505
004510
004512
004513
004514
004517
004521
004522
004525
004532
004533
004534
004535
004536
004544
004545
004546
004548
004547
004550
004549
004551
004552
004553
004554
004555
004556
004558
004559
004560
004561
004568
004564
004569
004570
004571
004572
004573
004576
004577
004585
004578
004586
004589
004592
004593
004597
004596
004598
004601
004602
004603
004604
004605
004606
004607
004608
004612
004609
004613
004614
004615
004616
004617
004618
004625
004627
004626
004628
004632
004629
004634
004635
004636
004637
004638
004640
004641
004642
004643
004646
004649
004648
004651
004653
004652
004655
004656
004659
004660
004661
004664
004663
004666
004667
004668
004669
004671
004672
004673
004674
004675
004676
004677
004681
004680
004682
004683
004684
004685
004687
004686
004689
004688
004694
004693
004696
004699
004698
004700
004701
004702
004703
004705
004706
004707
004708
004709
004710
004717
004716
004718
004719
004720
004721
004722
004723
004724
004725
004727
004726
004728
004729
004730
004731
004732
004734
004735
004736
004737
004738
004739
004740
004741
004743
004744
004742
004745
004746
004747
004748
004749
004750
004751
004752
004753
004756
004757
004760
004761
004763
004764
004769
004767
004770
004771
004772
004773
004774
004775
004776
004777
004780
004783
004784
004785
004786
004787
004788
004789
004790
004791
004792
004793
004794
004795
004797
004796
004798
004800
004801
004802
004803
004804
004805
004806
004807
004809
004811
004808
004812
004814
004813
004815
004818
004821
004819
004823
004824
004825
004827
004826
004828
004829
004832
004831
004833
004834
004836
004837
004838
004839
004840
004841
004844
004846
004845
004848
004849
004850
004851
004852
004853
004854
004856
004855
004857
004859
004858
004860
004861
004863
004862
004864
004865
004866
004868
004869
004870
004871
004874
004875
004876
004877
004878
004879
004881
004882
004883
004884
004885
004887
004888
004889
004890
004893
004894
004895
004896
004897
004898
004899
004900
004901
004903
004904
004902
004905
004907
004908
004910
004911
004912
004913
004916
004914
004917
004918
004919
004920
004922
004923
004921
004924
004925
004926
004927
004932
004933
004934
004936
004935
004937
004938
004939
004940
004941
004942
004943
004944
004945
004946
004947
004948
004950
004951
004953
004952
004954
004955
004956
004957
004958
004959
004965
004966
004967
004968
004970
004971
004972
004973
004978
004975
004980
004981
004979
004982
004983
004984
004985
004986
004987
004993
004989
004988
004994
004995
004996
004997
004998
004999
005000
005001
005002
005004
005003
005005
005006
005007
005008
005009
005010
005011
005014
005016
005015
005017
005018
005019
005020
005021
005025
005024
005027
005033
005028
005034
005035
005036
005037
005038
005039
005040
005041
005042
005044
005047
005043
005048
005049
005050
005051
005052
005053
005054
005055
005056
005058
005059
005057
005060
005061
005063
005062
005064
005065
005067
005068
005069
005070
005072
005073
005074
005075
005076
005078
005077
005080
005081
005082
005083
005084
005085
005086
005087
005088
005090
005091
005089
005092
005093
005094
005095
005096
005097
005098
005099
005100
005101
005104
005105
005106
005107
005109
005108
005110
005111
005112
005113
005114
005115
005116
005117
005118
005119
005120
005121
005122
005123
005124
005125
005126
005127
005129
005128
005130
005131
005132
005133
005134
005135
005136
005137
005138
005139
005141
005140
005142
005143
005144
005146
005145
005148
005150
005151
005152
005153
005156
005157
005158
002491
005160
005164
005165
005162
005161
005166
005168
005169
005167
005170
005171
005173
005172
005174
005175
005176
005177
005178
005179
005183
005185
005186
005187
005189
005188
005193
005195
005194
005196
005197
005199
005198
005200
005201
005202
005206
005208
005209
005207
005210
005211
005212
005213
005214
005216
005215
005217
005218
005220
005219
005221
005222
005223
005224
005225
005228
005226
005229
005230
005232
005231
005233
005234
005235
005236
005237
005238
005240
005239
005241
005242
005243
005244
005246
005245
005247
005250
005251
005255
005256
005252
005257
005258
005259
005260
005261
005262
005263
005264
005266
005265
005267
005268
005269
005270
005271
005272
005273
005274
005275
005276
005277
005279
005281
005282
005283
005280
005284
005285
005286
005287
005289
005288
005290
005291
005292
005293
005294
005295
005296
005297
005298
005299
005300
005301
005302
005303
005304
005307
005308
005309
005310
005312
005313
005311
005314
005315
005316
005317
005318
005321
005322
005323
005325
005324
005326
005327
005328
005329
005330
005331
005335
005336
005337
005338
005339
005340
005341
005342
005343
005344
005346
005345
005350
005351
005352
005353
005357
005354
005358
005359
005360
005361
005362
005363
005366
005365
005367
005364
005369
005371
005372
005373
005374
005375
005376
005377
005378
005379
005382
005381
005383
005384
005386
005387
005388
005389
005391
005390
005392
005393
005394
005395
005396
005397
005398
005399
005400
005402
005401
005403
005404
005405
005406
005407
005408
005409
005410
005411
005414
005415
005416
005417
005418
005419
005420
005423
005421
005424
005425
005427
005428
005429
005430
005431
005432
005434
005435
005436
005438
005437
005439
005440
005441
005442
005443
005444
005445
005446
005447
005448
005449
005451
005450
005452
005453
005454
005457
005455
005458
005460
005159
005462
005461
005463
005464
005468
005467
005470
005471
005469
005472
005473
005474
005476
005475
005477
005478
005479
005480
005481
005482
005483
005484
005485
005486
005487
005488
005489
005490
005492
005493
005494
005495
005496
005498
005499
005500
005501
005503
005502
005504
005505
005506
005507
005508
005511
005512
005513
005514
005515
005516
005517
005518
005519
005520
005521
005522
005523
005524
005525
005526
005527
005528
005529
005531
005530
005532
005533
005534
005535
005537
005541
005538
005542
005543
005544
005545
005547
005548
005549
005550
005551
005552
005553
005554
005555
005556
005557
005558
005559
005560
005561
005562
005563
005564
005565
005566
005567
005569
005568
005570
005571
005572
005574
005575
005573
005576
005577
005578
005580
005579
005581
005582
005583
005584
005585
005587
005588
005589
005590
005591
005592
005593
005594
005595
005596
005597
005598
005599
005600
005603
005604
005605
005607
005606
005608
005609
005610
005611
005612
005613
005614
005615
005616
005617
005619
005618
005620
005621
005622
005623
005624
005625
005628
005629
005630
005631
005632
005633
005635
005636
005638
005637
005639
005640
005642
005643
005641
005644
005645
005646
005647
005648
005649
005651
005650
005652
005653
005654
005655
005656
005657
005658
005660
005659
005661
005662
005664
005663
005665
005666
005667
005669
005670
005668
005671
005672
005673
005674
005675
005677
005678
005676
005679
005680
005682
005683
005684
005685
005686
005689
005690
005691
005692
005693
005694
005695
005696
005697
005698
005699
005700
005701
005702
005703
005704
005705
005706
005708
005707
005709
005710
005711
005712
005713
005715
005714
005716
005717
005719
005720
005722
005721
005723
005724
005725
005726
005727
005728
005729
005730
005731
005732
005733
005734
005735
005736
005738
005737
005739
005740
005741
005742
005743
005744
005745
005746
005747
005748
005749
005751
005750
005752
005753
005754
005755
005756
005757
005758
005759
005760
005761
005763
005764
005762
005766
005765
005769
005770
005771
005772
005774
005775
005776
005777
005779
005780
005781
005778
005782
005783
005785
005784
005786
005787
005788
005789
005790
005791
005792
005793
005794
005795
005796
005797
005799
005800
005801
005802
005803
005804
005806
005807
005805
005809
005810
005808
005811
005812
005813
005814
005815
005816
005817
005818
005819
005820
005821
005822
005823
005824
005826
005825
005827
005828
005829
005830
005831
005832
005833
005835
005840
005834
005841
005842
005844
005845
005846
005847
005848
005849
005850
005851
005853
005852
005854
005855
005856
005857
005858
005859
005860
005861
005862
005863
005864
005865
005867
005866
005868
005869
005870
005871
005872
005873
005874
005875
005877
005876
005878
005879
005880
005881
005883
005884
005882
005885
005886
005887
005889
005888
005892
005893
005894
005895
005897
005896
005898
005899
005900
005901
005903
005902
005904
005905
005906
005907
005908
005909
005910
005911
005912
005913
005914
005916
005915
005917
005918
005920
005919
005921
005923
005922
005924
005927
005928
005929
005930
005931
005932
005933
005934
005935
005936
005938
005937
005939
005940
005944
005943
005945
005946
005947
005948
005949
005950
005951
005952
005953
005954
005956
005955
005957
005958
005959
005960
005961
005962
005963
005964
005966
005965
005967
005968
005970
005969
005971
005972
005973
005974
005976
005975
005977
005978
005979
005980
005988
005983
005990
005992
005989
005994
005993
005995
005996
005997
005998
005999
006002
006003
006004
006005
006006
006007
006008
006009
006010
006012
006011
006013
006014
006016
006015
006017
006018
006019
006021
006022
006020
006025
006026
006027
006028
006030
006029
006031
006034
006036
006035
006037
006038
006039
006040
006042
006043
006044
006047
006048
006046
006049
006051
006052
006053
006054
006057
006055
006058
006059
006060
006061
006063
006064
006065
006066
006067
006069
006068
006070
006071
006072
006073
006074
006075
006076
006077
006078
006079
006080
006081
006083
006082
006084
006085
006086
006087
006088
006089
006090
006091
006092
006093
006094
006095
006096
006098
006099
006101
006100
006102
006103
006104
006105
006107
006108
006109
006110
006111
006112
006113
006114
006115
006116
006118
006119
006120
006121
006122
006125
006126
006127
006128
006129
006130
006131
006132
006133
006135
006136
006134
006137
006138
006140
006141
006145
006142
006146
006149
006150
006151
006152
006153
006154
006155
006157
006156
006158
006159
006161
006160
006162
006163
006164
006165
006166
006167
006168
006169
006170
006171
006172
006173
006174
006177
006178
006179
006180
006181
006182
006184
006183
006185
006186
006187
006188
006189
006190
006191
006193
006192
006194
006195
006196
006197
006199
006200
006202
006201
006203
006204
006205
006207
006208
006206
006209
006210
006211
006212
006213
006214
006216
006215
006217
006218
006219
006220
006221
006222
006223
006224
006225
006226
006227
006228
006229
006230
006231
006232
006236
006237
006238
006239
006241
006240
006243
006246
006248
006247
006249
006250
006252
006253
006254
006255
006256
006257
006258
006262
006263
006264
006265
006267
006268
006270
006274
006275
006271
006276
006277
006279
006278
006280
006281
006282
006283
006284
006285
006286
006288
006287
006289
006290
006292
006291
006293
006294
006295
006296
006297
006298
006299
006300
006301
006303
006302
006305
006306
006307
006308
006309
006310
006311
006314
006312
006315
006316
006318
006317
006319
006320
006321
006322
006323
006324
006325
006326
006327
006328
006329
006330
006332
006331
006333
006334
006335
006337
006338
006340
006341
006342
006344
006343
006346
006347
006348
006349
006350
006351
006352
006353
006356
006355
006357
006358
006359
006360
006362
006361
006363
006364
006365
006366
006367
006368
006369
006374
006373
006375
006376
006377
006378
006383
006382
006381
006384
006386
006385
006387
006388
006389
006390
006391
006392
006394
006393
006395
006396
006397
006398
006399
006401
006402
006403
006405
006404
006406
006407
006408
006409
006410
006411
006413
006412
006414
006415
006416
006417
006419
006418
006420
006421
006423
006424
006422
006425
006427
006428
006430
006431
006432
006433
006434
006436
006437
006438
006439
006442
006443
006444
006446
006445
006447
006449
006448
006450
006452
006451
006453
006454
006456
006457
006458
006459
006460
006461
006462
006463
006464
006470
006465
006471
006472
006474
006473
006475
006476
006478
006479
006480
006481
006482
006483
006484
006485
006488
006487
006486
006489
006490
006491
006492
006494
006493
006495
006496
006497
006502
006503
006504
006505
006506
006507
006508
006511
006512
006513
006515
006514
006516
006517
006518
006519
006520
006521
006522
006523
006524
006525
006526
006527
006528
006532
006531
006533
006534
006536
006535
006539
006538
006540
006541
006542
006543
006544
006545
006546
006547
006548
006549
006550
006551
006552
006554
006553
006555
006556
006558
006557
006559
006560
006561
006562
006563
006567
006568
006569
006570
006571
006572
006576
006577
006578
006579
006580
006581
006582
006583
006584
006585
006587
006586
006588
006589
006591
006590
006592
006593
006594
006596
006598
006597
006599
006600
006601
006602
006603
006604
006605
006606
006607
006610
006611
006612
006613
006614
006618
006619
006620
006621
006625
006624
006626
006627
006629
006630
006631
006632
006633
006634
006635
006636
006637
006638
006639
006640
006641
006642
006643
006645
006646
006644
006647
006650
006652
006653
006654
006655
006660
006661
006662
006663
006664
006665
006666
006669
006668
006672
006673
006674
006677
006678
003875
006679
006680
006681
006683
006682
006684
006685
006686
006687
006688
006690
006691
006693
006692
006694
006695
006696
006697
006698
006699
006700
006701
006702
006703
006708
006707
006709
006710
006713
006712
006714
006715
006716
006720
006717
006721
006722
006725
006723
006726
006727
006728
006731
006732
006733
006734
006736
006735
006742
006743
006744
006745
006746
006747
006748
006750
006749
006751
006754
006755
006758
006760
006761
006762
006763
006764
006765
006766
006767
006768
006770
006771
006773
006772
006774
006775
006776
006777
006778
006779
006780
006781
006783
006785
006784
006788
006789
006790
006791
006793
006794
006796
006797
006798
006799
006803
006800
006804
006813
006805
006814
006815
006816
006817
006818
006819
006824
006825
006827
006834
006837
006835
006838
006840
006839
006841
006842
006843
006844
006850
006845
006851
006857
006858
006852
006865
006867
006868
006870
006871
006874
006876
006875
006881
006884
006885
006886
006887
006888
006889
006893
006890
006898
006899
006901
006902
006903
006906
006907
006908
006911
006912
006913
006914
006915
006916
006917
006921
006919
006923
006925
006924
006928
006929
006932
006933
006934
006935
006937
006938
006936
006939
006942
006943
006944
006947
006948
006949
006950
006951
006952
006956
006957
006958
006961
006962
006965
006966
006973
006974
006975
006976
006982
006983
006985
006986
006987
006989
006988
006990
006995
006996
006998
007000
006999
007001
007010
007011
007012
007013
007028
007029
007036
007046
007048
007049
020001
020002
020003
020007
020009
020005
020010
020012
020011
020015
020018
020020
020019
020021
020022
020023
020026
020031
020034
020032
020033
040001
040002
040003
040005
040004
040007
040008
040009
040010
040012
040011
040013
040016
040015
040018
040019
040020
040021
040022
040023
040025
040026
040028
040029
040031
040030
040035
040034
040033
040036
040037
040038
040039
040040
040041
040045
040046
040047
040048
040180
040190
041003
050001
050003
050004
050002
050006
050007
050008
050009
050010
050011
050012
050014
050015
050013
050016
050019
050018
050020
050021
050022
050023
050024
050025
050026
050028
050027
050030
050106
050116
050111
050119
050123
050128
050201
050202
050203
070001
070002
070003
070005
070006
070008
070010
070009
070011
070012
070013
070015
070016
070017
070018
070019
070020
070021
070022
070023
070025
070026
070027
070028
070031
070029
070030
070032
070035
070036
070037
070038
070039
070099
070088
080001
080002
080003
080005
080006
080007
080008
080009
080010
080011
080012
080015
090002
090003
090001
090004
090005
090006
090007
090008
090009
090010
090011
090012
090013
090015
090016
090017
090018
090019
090020
090021
090022
091005
090023
091021
091022
092002
091023
096001
100016
100018
100020
100022
100025
100026
100028
100029
100032
100037
100035
100038
100039
100050
100053
100051
100055
100056
100058
100060
100066
100068
100061
100072
100073
110001
110003
110005
110002
110006
110007
110008
110009
110010
110011
110012
110013
110015
110016
110017
110018
110019
110020
110021
110022
110023
110025
110026
110027
110028
110029
110030
110031
110032
110033
110035
110036
110037
110038
110050
110051
110052
110053
112002
118002
118001
121001
121002
121005
121006
121003
121008
121009
121010
121011
121012
121013
128011
128013
128112
150005
150008
150009
150012
150013
150015
150017
150016
150018
150019
150022
150023
150028
150029
150030
150031
150032
150033
150037
150036
150047
150048
150049
150050
150052
150051
150053
150054
150055
150056
150059
150060
150064
150065
150066
150067
150073
150075
150084
150083
150092
150094
150093
150095
150100
150101
150103
150104
150105
150106
150107
150117
150118
150123
150124
150130
150131
150135
150136
150138
150139
150143
150144
150145
150146
150149
150148
150150
150151
150152
150153
150157
150158
150159
150164
150165
150167
150168
150169
150170
150171
150172
150173
150174
150175
150178
150177
150176
150179
150181
150180
150182
150184
150185
150186
150187
150188
150189
150190
150191
150192
150193
150194
150195
150196
150198
150197
150199
150200
150201
150203
150204
150205
150206
150207
150208
150209
150211
150210
150212
150213
150214
150215
150216
150217
150218
150219
150220
150221
150223
150222
150224
150226
150227
150225
150228
150229
150230
150232
150235
150231
150236
150237
150238
150241
150242
150243
150244
150245
150246
150247
150248
150249
150251
150250
150252
150255
150256
150258
150259
150257
150260
150261
150262
150264
150263
150265
150266
150267
150268
150269
150270
150271
150273
150272
150274
150275
150276
150277
150278
150279
150281
150280
150282
150284
150283
150287
150288
150289
150290
150291
150292
150293
150294
150295
150296
150297
150298
150299
150300
150301
150302
150303
150304
150305
150306
150307
150309
150308
150310
150311
150312
150315
150316
150317
150318
150321
150323
150322
150324
150325
150326
150327
150328
150329
150335
150330
150336
150343
150344
150968
150988
150998
151001
151002
159001
159002
159003
159004
159005
159006
159901
159902
159903
159905
159906
159907
159908
159909
159910
159912
159911
159913
159916
159915
159918
159919
159920
159922
159923
159925
159926
159928
159929
159930
159931
159932
159933
159934
159935
159936
159937
159938
159939
159940
159943
159944
159941
159946
159945
159948
159950
159949
159951
159952
159953
159954
159956
159955
159957
159959
159958
159960
159961
159962
159963
159965
159964
160105
160106
160119
160121
160123
160124
160125
160127
160128
160129
160130
160131
160132
160133
160134
160135
160136
160137
160138
160139
160140
160141
160211
160212
160142
160213
160215
160216
160217
160218
160219
160220
160221
160223
160222
160224
160226
160311
160225
160314
160322
160323
160324
160415
160416
160417
160418
160419
160420
160421
160505
160422
160512
160513
160514
160515
160516
160517
160518
160519
160520
160521
160522
160523
160524
160603
160602
160605
160606
160607
160608
160609
160610
160612
160613
160611
160615
160616
160617
160618
160620
160621
160622
160624
160625
160626
160627
160628
160629
160630
160631
160632
160633
160634
160636
160635
160637
160638
160639
160640
160642
160643
160644
160716
160706
160717
160718
160719
160720
160721
160722
160723
160724
160725
160726
160805
160806
160807
160808
160812
160814
160813
160910
160915
160916
160918
160919
160921
160922
160923
160924
160925
161010
161014
161005
161015
161017
161022
161019
161024
161025
161026
161027
161028
161029
161030
161032
161031
161033
161035
161036
161037
161038
161039
161115
161116
161117
161118
161119
161120
161121
161122
161123
161124
161125
161126
161127
161128
161129
161131
161132
161130
161211
161207
161213
161216
161217
161219
161221
161222
161223
161224
161225
161226
161227
161229
161231
161230
161232
161233
161505
161506
161601
161603
161604
161606
161605
161607
161608
161609
161610
161612
161611
161613
161614
161615
161616
161618
161619
161620
161622
161623
161624
161625
161627
161626
161628
161629
161693
161631
161706
161713
161714
161715
161718
161716
161719
161720
161721
161722
161723
161725
161726
161724
161727
161728
161810
161811
161813
161812
161815
161816
161818
161819
161820
161823
161824
161825
161826
161831
161834
161835
161902
161907
161903
161908
161910
161911
161912
161913
162006
162102
162105
162107
162201
162202
162108
162203
162204
162205
162206
162207
162208
162210
162209
162211
162212
162213
162214
162215
162216
162299
162307
162411
162412
162413
162414
162415
162416
162509
162510
162605
162511
162703
162711
162607
162714
162712
162715
162716
162717
162718
162719
162907
163001
163003
163005
163007
163008
163110
163111
163109
163113
163114
163115
163116
163118
163119
163208
163210
163209
163211
163302
163402
163406
163407
163411
163409
163412
163415
163503
163417
163801
163802
163803
163804
163805
163806
163807
163808
163809
163810
163811
163812
163813
163816
163817
163819
163818
163820
163821
163822
163823
163824
163825
163827
163907
164105
164205
164208
164206
164302
164210
164304
164401
164402
164508
164403
164509
164510
164606
164701
164702
164703
164705
164808
164809
164810
164811
164814
164818
164819
164820
164821
164824
164825
164905
164902
164906
164907
164908
165309
165311
165310
165312
165313
165314
165317
165508
165509
165510
165512
165511
165513
165515
165516
165517
165519
165521
165520
165522
165523
165524
165525
165526
165527
165528
165530
165707
165531
165806
165809
165810
165807
166001
166002
166005
166006
166007
166008
166009
166010
166011
166012
166014
166015
166016
166019
166020
166021
166022
166023
166024
166105
166301
166401
166402
166801
166802
166902
166903
166904
166905
167001
167003
167301
167002
167501
167503
167601
167702
167703
167705
167706
168001
168101
168002
168102
168103
168104
168106
168105
168107
168108
168201
168203
168204
168205
168301
168401
168501
168601
169101
169102
169103
169104
169105
169106
169201
180001
180002
180008
180003
180009
180010
180012
180013
180018
180015
180020
180025
180026
180028
180033
180031
183001
184801
200001
200002
200003
200006
200007
200008
200009
200010
200011
200012
200013
200016
200103
200015
200113
202001
202002
202003
202005
202007
202009
202011
202017
202015
202019
202023
202025
202027
202021
202101
202102
202103
202105
202107
202108
202110
202202
202211
202212
202301
202213
202302
202303
202304
202305
202307
202306
202308
202801
206001
206002
206003
206004
206005
206006
206007
206008
206009
206010
206011
206012
206015
206013
206018
210002
210001
210003
210004
210005
210006
210007
210008
210009
210010
210011
210012
210013
210014
213001
213002
213003
213006
213007
213008
213010
213009
213909
213917
217001
217002
217004
217003
217005
217008
217009
217011
217010
217012
217013
217014
217015
217016
217017
217019
217018
217020
217022
217023
217021
217024
217025
217026
217027
217203
229002
233001
233005
233006
233007
233008
233009
233010
233011
233012
233013
233015
240001
240002
240003
240004
240005
240006
240007
240008
240009
240010
240011
240013
240012
240014
240016
240017
240018
240019
240020
240022
241001
253010
253020
253021
253030
253050
253051
253060
253061
255010
257010
257020
257030
257040
257050
257060
257070
260101
260102
260103
260104
260108
260110
260109
260111
260112
260115
260116
260117
260202
261001
261002
261101
261102
262001
270001
270002
270004
270005
270006
270007
270008
270009
270010
270014
270021
270022
270023
270025
270026
270027
270028
270029
270030
270041
270042
270043
270044
270045
270046
270048
270047
270049
270050
288001
288002
288101
288102
288201
290001
290002
290003
290005
290004
290006
290007
290008
290009
290010
290011
290012
290014
291007
310308
310328
310318
310338
310358
310339
310368
310388
310398
310508
320001
310518
320002
320003
320004
320005
320006
320007
320008
320009
320010
320011
320012
320013
320014
320016
320015
320017
320018
320019
320020
320021
320022
340001
340005
340006
340007
340008
340009
350001
350002
350005
350004
350007
350006
350008
350009
005459
360005
360006
360007
360008
360010
360009
360011
360012
360013
360014
360016
360019
360020
370010
370011
370021
360003
370022
370023
371020
370024
370027
371120
372010
372110
373010
373020
376510
375010
377016
377020
377150
377240
377010
377530
378006
378010
378546
379010
380001
380002
380005
380006
380007
380008
380009
380011
380010
392001
392002
393001
395001
395011
395012
398001
398011
398021
398031
398041
398051
398061
399001
399011
400001
400003
400005
400006
400007
400009
400011
400015
400013
400016
400020
400023
400025
400027
400029
400030
400032
410001
410002
410003
410004
410005
410006
410007
410008
410010
410009
420001
420002
420005
420003
420006
420008
420102
420009
420106
420108
450001
450002
450003
450004
450005
450006
450007
450008
450009
450010
450011
450018
450019
457001
460002
460003
460001
460005
460006
460008
460007
460009
460010
460106
460108
460220
460300
470006
470007
470008
470009
470010
470014
470011
470018
470021
470028
470030
470058
470060
470059
470068
470078
470088
470089
470098
470888
471007
471014
471030
471060
472007
481001
481004
481006
481008
481009
481010
481012
481013
481015
481017
482002
485005
483003
485011
485014
485007
485018
485019
485020
485022
485105
485107
485114
485118
485111
485119
485120
485122
486001
486002
487016
487021
501000
501001
501005
501002
501006
501007
501009
501008
501010
501011
501012
501015
501016
501017
501018
501019
501021
501022
501023
501025
501026
501027
501028
501029
501031
501030
501032
501033
501035
501036
501037
501039
501038
501040
501041
501042
501043
501045
501046
501047
501049
501048
501050
501053
501051
501054
501055
501057
501058
501059
501060
501061
501062
501063
501064
501065
501066
501067
501069
501068
501070
501100
501101
501071
501105
501106
501186
501188
501189
501301
501300
501302
501303
501305
501306
501307
501308
501310
501311
501309
502000
502001
502002
502003
502004
502005
502006
502007
502008
502010
502011
502012
502013
502014
502015
502020
502021
502022
502023
502024
502036
502025
502037
502038
502040
502041
502042
502048
502049
502050
502053
502054
502055
502056
502057
502058
505888
510010
510020
510030
510050
510060
510070
510080
510090
510110
510081
510120
510150
510130
510160
510170
510180
510190
510210
510220
510230
510260
510270
510290
510310
510300
510330
510350
510360
510380
510390
510410
510430
510440
510500
510510
510520
510550
510560
510580
510590
510630
510600
510650
510660
510680
510710
510800
510810
510820
510850
510880
510890
510900
511010
511030
511220
511020
511230
511260
511270
511290
511280
511310
511600
511620
511650
511660
511670
511690
511700
511770
511800
511810
511820
511850
511830
511860
511880
511900
511910
511920
511950
511930
511960
511970
511990
511980
512010
512000
512040
512070
512090
512100
512120
512150
512160
512180
512200
512220
512260
512270
512280
512300
512310
512330
512340
512360
512380
512390
512500
512400
512510
512520
512550
512560
512570
512580
512590
512600
512610
512640
512660
512680
512700
512770
512780
512800
512810
512820
512830
512850
512860
512880
512870
512890
512900
512920
512950
512960
512980
512990
513030
513050
513100
513500
513600
513660
513680
513900
518800
519001
518880
519003
519005
519002
519007
519008
519011
519013
519015
519017
519019
519018
519020
519021
519022
519023
519025
519024
519026
519027
519029
519030
519033
519032
519034
519035
519050
519039
519051
519056
519059
519060
519061
519062
519066
519068
519078
519069
519087
519089
519091
519093
519095
519097
519099
519110
519111
519100
519112
519113
519115
519116
519117
519118
519119
519120
519121
519122
519123
519125
519124
519126
519127
519128
519129
519131
519130
519133
519134
519136
519137
519138
519139
519150
519152
519153
519156
519157
519158
519160
519161
519162
519163
519165
519167
519170
519172
519171
519175
519176
519173
519177
519180
519181
519183
519185
519186
519187
519188
519191
519190
519189
519193
519196
519195
519197
519198
519199
519206
519207
519208
519209
519212
519220
519222
519221
519223
519224
519225
519226
519229
519300
519228
519320
519322
519321
519323
519324
519325
519327
519326
519328
519329
519330
519331
519332
519333
519334
519501
519335
519505
519507
519508
519506
519509
519510
519511
519512
519516
519513
519517
519518
519519
519566
519567
519568
519588
519589
519601
519602
519606
519610
519611
519612
519613
519614
519616
519615
519617
519618
519619
519620
519622
519623
519621
519624
519625
519626
519627
519629
519628
519630
519631
519632
519640
519642
519641
519644
519646
519647
519648
519652
519651
519654
519653
519655
519656
519657
519660
519661
519662
519663
519664
519665
519667
519666
519668
519669
519670
519671
519672
519673
519675
519674
519676
519677
519678
519679
519680
519682
519685
519683
519686
519688
519690
519692
519696
519697
519694
519698
519700
519702
519704
519706
519709
519710
519712
519714
519716
519717
519718
519720
519721
519722
519723
519725
519726
519727
519729
519730
519731
519732
519733
519735
519736
519738
519740
519743
519745
519746
519748
519752
519753
519756
519755
519759
519760
519761
519762
519763
519766
519767
519768
519769
519770
519771
519772
519773
519777
519776
519778
519779
519782
519783
519784
519785
519786
519787
519800
519808
519809
519801
519858
519859
519878
519879
519888
519889
519898
519899
519908
519909
519915
519918
519929
519931
519933
519935
519937
519940
519942
519943
519941
519944
519945
519947
519949
519951
519955
519953
519956
519957
519959
519960
519961
519962
519963
519965
519967
519971
519969
519972
519973
519976
519975
519977
519979
519981
519983
519985
519987
519989
519991
519993
519995
519997
519998
519999
530001
530002
530003
530005
530006
530008
530009
530010
530011
530012
530014
530015
530016
530017
530018
530019
530020
530021
530028
530029
530030
531008
531009
531014
531017
531020
531021
531028
531029
531030
539001
539002
539003
540001
540002
540003
540004
540005
540007
540008
540006
540009
540010
540011
541005
540012
541011
550001
550002
550003
550004
550005
550009
550008
550010
550011
550012
550013
550015
550016
550018
550019
560001
560002
560003
560006
570001
570005
570007
570006
570008
571002
573003
580001
580002
580003
580006
580005
580007
580008
580009
582001
582002
582003
582201
583001
583101
585001
590001
590002
590003
582202
590006
590005
590008
590009
590007
590010
610001
610003
610002
610004
610005
610006
610007
610008
610103
620001
610108
620002
620003
620004
620006
620007
620008
620009
620010
620011
630001
630003
630002
630005
630007
630006
630008
630009
630010
630011
630012
630015
630016
630107
630103
630109
630112
650002
650001
660001
660002
660003
660004
660006
660007
660005
660008
660009
660010
660011
660012
660013
660015
660016
660102
660107
660109
660116
671010
671030
673010
673020
673040
673030
673043
673050
673060
673071
673073
673081
673090
673100
673083
673101
673120
673110
673141
673143
675011
675013
675031
675032
675041
675043
675051
675053
675061
675062
675071
675072
675081
675083
675091
675093
675100
675113
675111
675121
675123
675161
675163
686868
686869
688888
690001
690002
690003
690004
690005
690006
690007
690008
690009
690010
690011
690012
690202
690210
690206
690212
700001
700002
700003
700004
700005
700006
710001
710002
710301
710302
710502
710501
720001
720002
720003
730001
730002
730003
740001
740101
730103
740601
750001
740602
750002
750003
750005
750006
750007
762001
770001
960042
360001
